# AffineEdist	seq_lect.0	seq_lect.1	10
 0, 3, 3  in,in, 4  in,in, 5  in,in, 6  in,in, 7  in,in, 8  in,in, 9  in,in,10
in, 4,in   0, 8, 8   4, 9, 4   6,10, 5   7,11, 6   8,12, 7   8,13, 8  10,14, 9
in, 5,in   5, 4, 9   1, 8, 8   4, 9, 5   6,10, 6   7,11, 7   8,12, 8   8,13, 9
in, 6,in   6, 5,10   5, 5, 9   1, 8, 9   5,10, 5   7,11, 6   8,12, 7   8,12, 8
in, 7,in   7, 6,11   6, 6,10   6, 5,10   1, 9, 9   6,10, 5   7,11, 6   8,12, 7
in, 8,in   8, 7,12   7, 7,11   7, 6,11   5, 5,10   2, 9, 9   6,10, 6   7,11, 7
in, 9,in   9, 8,13   8, 8,12   8, 7,12   7, 6,11   5, 6,10   3,10, 9   7,11, 7
in,10,in  10, 9,14   9, 9,13   9, 8,13   8, 7,12   6, 7,11   6, 7,10   4,11,10
in,11,in  10,10,15   9,10,14  10, 9,13   9, 8,13   8, 8,12   6, 8,12   7, 8,10
in,12,in  12,11,16  11,11,15  10,10,15   9, 9,14   9, 9,13   9, 9,13   7, 9,13
in,13,in  13,12,17  12,12,16  12,11,16  10,10,15  10,10,14  10,10,14  10,10,14
in,14,in  14,13,18  13,13,17  12,12,17  12,11,16  11,11,15  11,11,15  10,11,15
# AffineEdist	seq_lect.1	seq_lect.0	10
 0, 3, 3  in,in, 4  in,in, 5  in,in, 6  in,in, 7  in,in, 8  in,in, 9  in,in,10  in,in,11  in,in,12  in,in,13  in,in,14
in, 4,in   0, 8, 8   5, 9, 4   6,10, 5   7,11, 6   8,12, 7   9,13, 8  10,14, 9  10,15,10  12,16,11  13,17,12  14,18,13
in, 5,in   4, 4, 9   1, 8, 8   5, 9, 5   6,10, 6   7,11, 7   8,12, 8   9,13, 9   9,14,10  11,15,11  12,16,12  13,17,13
in, 6,in   6, 5,10   4, 5, 9   1, 9, 8   6,10, 5   7,11, 6   8,12, 7   9,13, 8  10,13, 9  10,15,10  12,16,11  12,17,12
in, 7,in   7, 6,11   6, 6,10   5, 5,10   1, 9, 9   5,10, 5   7,11, 6   8,12, 7   9,13, 8   9,14, 9  10,15,10  12,16,11
in, 8,in   8, 7,12   7, 7,11   7, 6,11   6, 5,10   2, 9, 9   5,10, 6   6,11, 7   8,12, 8   9,13, 9  10,14,10  11,15,11
in, 9,in   8, 8,13   8, 8,12   8, 7,12   7, 6,11   6, 6,10   3, 9,10   6,10, 7   6,12, 8   9,13, 9  10,14,10  11,15,11
in,10,in  10, 9,14   8, 9,13   8, 8,12   8, 7,12   7, 7,11   7, 7,11   4,10,11   7,10, 8   7,13, 9  10,14,10  10,15,11
